5000
175 43 113
63 264 288
218 198 117
172 235 155
198 186 289
61 200 78
246 248 269
58 113 132
207 263 266
26 253 78
60 275 238
121 189 136
29 276 255
28 78 207
129 141 130
216 200 124
296 139 139
285 294 237
149 218 101
300 111 9
299 244 35
172 231 239
168 164 159
156 24 142
296 107 282
297 45 196
235 13 289
107 255 168
21 217 244
245 83 288
177 196 105
234 129 174
50 159 125
77 244 259
13 126 169
44 276 269
168 68 271
292 144 260
232 142 238
10 101 282
181 294 70
174 127 204
33 276 179
150 41 174
63 153 283
127 254 115
274 190 277
125 100 174
156 86 193
27 177 70
259 162 232
281 78 142
1 127 278
143 195 215
269 7 220
299 290 76
254 22 185
232 23 168
187 120 195
93 114 261
68 296 282
206 179 42
262 44 247
255 26 209
299 248 17
228 121 18
296 109 66
272 246 221
56 137 159
115 120 16
188 189 130
273 232 178
40 156 239
48 88 93
91 197 54
205 244 267
276 71 185
22 109 121
171 104 140
183 225 44
89 107 19
1 175 34
189 33 123
287 240 240
58 140 172
99 160 218
104 274 157
69 43 16
110 113 13
293 276 11
284 254 218
61 263 209
206 269 179
196 298 265
228 21 68
268 244 28
230 160 134
35 156 100
188 28 89
49 258 145
115 69 261
33 60 142
291 232 294
220 215 35
163 65 216
86 278 117
83 150 198
118 197 299
119 124 207
81 202 72
272 280 278
117 155 49
102 235 200
103 236 285
14 121 7
28 273 185
223 109 220
78 79 159
177 249 211
272 60 284
36 184 105
134 68 208
174 110 183
28 30 246
229 259 108
106 279 194
116 260 115
56 27 251
48 180 218
287 76 97
35 32 264
270 299 53
156 10 297
141 75 183
258 91 204
151 244 91
249 41 183
192 154 7
173 21 247
190 93 80
212 141 78
229 35 288
214 2 164
102 206 29
241 64 78
148 76 238
46 209 165
10 152 136
189 12 212
216 157 104
299 207 214
237 52 128
299 173 239
283 235 243
117 138 225
98 200 298
289 6 287
147 65 300
52 16 140
42 9 173
58 162 270
176 114 192
2 169 160
170 199 23
182 279 145
207 151 293
222 296 281
135 129 196
16 227 185
271 79 176
24 99 254
187 32 214
69 77 85
28 62 200
101 275 268
228 65 125
102 189 113
228 211 127
91 258 220
213 217 169
139 44 63
180 246 66
146 42 124
162 102 206
246 189 174
223 172 255
261 223 74
119 81 6
278 3 194
219 13 251
238 259 108
291 244 128
32 265 275
293 233 204
4 128 5
200 10 288
46 265 216
262 209 63
130 22 100
196 6 224
28 222 163
167 55 101
239 77 171
42 20 11
90 235 129
60 78 126
270 247 292
122 113 209
104 168 234
250 50 243
264 285 209
274 78 276
295 218 148
24 242 55
67 286 182
177 98 149
201 296 214
232 207 99
56 300 58
104 145 230
83 164 182
202 150 205
297 111 290
117 288 244
166 63 204
75 176 87
221 222 1
234 292 69
202 291 58
273 117 81
164 255 14
196 278 122
229 13 197
81 100 81
37 59 187
227 62 264
4 210 14
291 17 221
263 280 286
64 32 160
85 115 166
51 233 252
210 207 193
170 121 249
100 176 164
34 34 233
262 105 208
247 158 40
108 23 2
241 63 277
20 238 71
76 96 145
216 98 197
103 46 50
137 157 13
245 21 20
285 292 43
217 10 53
201 101 107
258 243 236
133 214 144
142 197 48
26 42 194
238 203 79
109 56 183
133 114 20
139 12 145
2 281 278
178 58 91
128 118 130
71 246 158
217 217 36
187 155 266
101 171 91
88 55 3
117 222 133
265 238 29
242 103 132
218 111 77
105 97 28
186 107 30
166 40 144
121 188 108
11 246 9
262 97 53
286 75 95
188 177 86
269 278 129
135 26 152
26 134 132
217 201 76
157 174 30
229 18 271
231 19 224
43 91 77
55 99 246
261 245 77
52 166 192
233 285 181
169 208 91
19 265 58
33 184 147
265 300 37
12 239 58
99 164 29
182 226 98
70 8 142
29 13 271
299 76 25
21 141 216
122 136 187
32 111 177
84 137 105
245 38 296
225 229 129
6 56 276
26 126 74
236 179 143
124 258 300
182 50 29
237 224 261
15 41 115
53 2 212
296 120 151
91 156 235
177 146 126
212 162 68
21 90 130
51 11 284
125 54 40
274 149 175
33 275 92
42 225 290
214 162 94
264 144 52
220 185 282
96 18 265
198 117 267
61 218 103
145 134 101
23 98 64
147 5 13
236 156 285
222 154 190
217 277 70
5 160 257
4 19 212
29 26 242
274 17 258
43 175 166
49 52 5
244 287 179
204 51 195
223 56 141
176 191 241
62 73 1
236 55 55
272 241 19
60 13 9
225 8 124
82 283 244
11 117 72
148 137 297
22 26 74
269 123 300
211 118 278
247 51 165
68 186 60
41 300 286
236 283 221
32 253 11
148 26 288
172 45 100
59 83 175
50 71 164
92 114 45
213 64 13
261 156 16
284 97 149
183 261 189
141 95 50
281 85 126
39 68 258
167 28 294
1 28 179
19 292 223
7 15 110
86 55 202
115 249 17
29 174 295
119 271 216
282 201 108
71 46 200
113 298 171
11 57 284
297 221 184
107 125 49
212 38 37
173 207 69
157 56 292
247 222 94
26 181 219
65 47 58
267 77 152
58 256 244
10 120 218
210 161 103
8 154 5
52 3 124
132 141 143
8 169 135
257 60 15
171 137 233
194 228 129
39 40 296
119 171 262
232 299 67
154 288 85
277 174 127
65 258 154
78 118 240
171 263 158
85 59 221
42 74 252
299 44 283
204 240 51
219 162 226
268 249 228
2 230 190
185 6 119
275 45 265
1 270 54
65 60 182
260 138 289
231 105 36
81 276 67
13 253 71
93 69 206
270 136 71
171 24 105
198 277 121
158 61 196
269 149 17
84 97 67
216 157 284
98 168 71
224 102 82
31 110 146
252 97 64
267 238 53
285 292 58
167 190 146
153 185 251
51 296 167
91 135 27
202 94 298
19 280 202
259 250 273
27 220 136
165 110 175
237 41 115
68 243 234
221 295 57
46 253 300
273 183 248
299 102 255
270 64 286
79 99 29
213 145 157
44 154 43
192 87 133
39 233 185
269 174 70
20 282 272
18 229 178
125 177 238
253 294 268
190 106 137
18 160 145
151 54 250
85 286 243
171 297 9
11 291 273
3 215 23
29 19 203
67 245 181
293 256 193
245 182 94
202 124 38
242 199 251
9 177 66
281 214 287
157 270 195
223 142 131
17 9 283
53 174 252
64 97 57
63 88 203
35 133 34
226 283 10
149 3 85
154 56 136
143 20 209
19 148 88
148 293 9
222 225 187
253 156 185
3 287 268
56 267 103
35 35 187
205 85 213
253 227 53
238 128 264
100 292 238
161 41 32
207 280 217
295 141 221
2 171 127
288 135 86
41 268 192
247 40 246
140 37 261
49 105 17
32 293 41
156 202 227
251 185 274
255 216 66
38 140 182
177 36 149
21 219 199
16 172 292
88 299 99
148 99 285
99 147 223
95 171 110
165 151 244
255 45 193
9 9 56
54 243 165
281 235 6
14 203 48
217 265 131
251 201 162
173 189 213
140 147 123
70 185 79
218 21 283
249 42 166
106 179 162
177 137 72
225 70 70
9 289 219
155 225 283
56 249 115
264 271 156
280 94 71
50 297 67
201 141 260
63 24 167
279 178 150
69 101 16
127 25 1
298 201 143
41 160 9
279 136 129
258 109 102
16 239 156
66 220 138
57 136 133
223 189 235
212 163 106
143 38 261
41 242 3
29 96 131
250 79 46
27 240 289
277 228 174
294 131 294
39 6 38
279 171 136
87 71 61
141 116 15
199 17 264
32 138 86
253 51 229
11 7 142
113 160 278
19 138 145
77 224 6
289 161 289
162 298 228
275 298 137
146 23 146
44 190 74
89 158 209
49 93 154
152 59 161
8 84 127
199 195 63
22 67 8
204 147 218
76 245 94
175 229 225
193 168 136
160 123 95
196 194 294
238 163 184
79 88 209
114 79 22
102 111 64
106 203 235
29 144 260
109 209 4
213 133 270
186 130 257
122 129 28
89 104 51
178 61 51
228 63 127
13 20 146
220 107 213
258 40 27
42 184 203
278 157 186
178 85 271
120 250 64
208 178 97
215 45 5
229 100 245
253 183 251
291 147 76
90 161 33
134 221 67
142 263 26
38 205 230
76 60 283
145 35 226
76 67 20
160 37 206
129 224 39
131 220 254
7 117 72
252 222 120
26 97 271
203 271 298
275 211 107
265 239 289
30 197 14
126 142 185
5 206 59
151 97 160
179 43 209
70 262 239
15 152 76
6 27 145
193 128 263
45 204 274
122 12 112
194 300 48
277 149 46
217 136 101
285 300 174
73 40 29
237 79 245
146 146 201
257 73 237
244 260 232
147 179 40
47 14 35
223 270 168
13 243 4
218 216 123
254 233 211
33 231 298
124 122 278
57 263 90
198 124 114
146 109 250
237 195 238
3 40 287
71 81 50
161 58 238
18 128 188
209 65 294
140 241 90
61 44 34
16 187 25
209 10 106
36 210 165
99 107 255
92 48 266
94 122 212
121 275 15
201 170 62
300 92 248
10 219 170
230 114 118
207 139 79
31 138 300
218 283 289
237 222 175
277 279 239
243 167 129
203 272 121
292 260 33
135 112 43
267 291 201
251 287 100
122 18 170
151 50 201
247 109 142
249 71 155
82 77 264
164 32 94
228 172 274
88 246 239
156 193 51
35 270 39
202 11 140
292 265 86
240 216 12
62 223 176
159 199 227
235 39 122
99 66 151
49 169 203
279 91 48
236 270 50
139 127 89
62 274 252
236 130 98
100 10 138
5 233 156
250 172 188
36 228 124
216 173 216
151 239 91
54 120 15
295 192 76
15 221 17
159 54 290
119 136 33
295 253 75
255 152 266
244 192 185
183 230 206
16 273 123
91 265 95
118 70 161
226 72 169
62 95 219
171 158 20
236 286 156
43 286 225
160 160 191
251 158 284
170 123 165
163 162 81
5 182 298
169 87 135
283 190 166
265 298 167
203 184 105
181 286 130
2 143 31
161 293 217
160 253 85
146 123 264
245 3 194
118 214 166
175 173 177
179 8 23
37 195 135
50 115 170
185 141 166
71 79 297
203 176 152
233 211 100
150 281 17
230 110 135
23 183 208
257 196 188
32 298 238
19 42 150
62 17 104
114 276 106
125 190 123
130 79 258
170 231 49
277 20 52
122 184 76
82 131 297
241 95 8
246 208 15
133 180 224
200 239 226
258 288 198
60 153 245
5 127 87
159 219 125
135 58 206
163 64 181
144 145 11
55 103 272
274 239 85
149 84 258
44 72 227
300 152 279
31 219 161
80 255 201
250 7 129
53 275 267
41 114 142
278 184 280
288 236 277
186 181 189
93 199 225
168 100 88
89 246 33
90 130 254
190 64 109
288 264 191
202 30 241
276 101 130
134 8 286
290 205 287
249 224 123
215 105 242
284 154 121
240 148 226
132 192 104
168 71 7
105 121 297
224 35 30
251 225 292
299 248 287
38 158 147
14 56 158
198 203 183
192 242 220
227 205 198
25 205 54
181 280 113
13 192 119
206 171 131
286 279 26
214 82 93
200 283 196
258 210 55
217 187 77
91 156 232
66 142 73
250 251 62
293 108 138
119 170 106
263 291 50
282 19 81
115 183 44
267 264 61
270 51 8
266 78 261
118 167 242
76 159 231
105 45 178
220 161 59
231 249 201
149 91 128
239 82 219
291 42 54
294 69 78
166 80 147
33 43 124
172 300 31
122 82 108
30 150 234
280 100 202
264 50 194
123 220 200
157 2 182
60 242 216
65 113 98
115 291 74
157 88 81
285 41 273
196 119 167
25 11 52
88 132 253
139 180 149
94 52 108
152 120 75
5 115 197
165 78 118
208 122 25
120 1 61
129 135 241
210 141 195
287 111 297
41 107 179
275 58 220
86 264 203
1 268 252
27 125 149
185 121 179
96 57 177
128 149 200
181 17 216
263 192 219
57 221 164
23 57 299
182 77 53
293 128 195
226 181 233
201 130 22
39 23 10
298 190 22
122 84 220
137 37 214
27 110 153
55 36 275
255 194 158
11 278 258
195 205 274
58 210 293
235 141 263
298 252 119
76 183 272
58 48 136
164 259 221
235 33 52
202 12 294
76 271 80
29 126 13
114 38 297
295 188 3
92 244 194
65 120 101
214 217 228
203 231 190
113 209 226
267 78 158
106 233 205
241 114 66
60 263 29
95 40 129
175 195 174
225 169 102
72 266 183
107 164 142
254 174 53
38 228 4
258 64 286
173 85 281
211 151 53
86 246 49
167 186 276
32 185 53
66 232 60
256 154 89
27 163 91
67 173 141
65 210 75
116 124 259
284 73 33
288 133 114
214 110 246
122 223 210
47 163 132
51 266 130
138 224 283
233 271 273
232 247 39
210 176 247
32 139 178
95 15 199
220 275 122
156 149 142
45 98 80
38 226 275
32 105 273
107 134 151
264 76 197
31 223 144
138 295 15
225 261 1
54 299 47
221 173 259
202 103 92
272 64 281
20 47 221
169 110 28
225 188 96
123 3 35
112 121 57
59 211 52
60 196 218
13 30 126
43 88 34
27 207 141
3 114 195
136 236 54
12 147 59
28 168 155
22 153 68
193 92 172
44 82 127
30 171 161
185 148 47
254 158 25
10 295 240
260 60 278
136 287 107
285 199 53
147 94 132
188 157 285
232 75 3
38 69 198
89 13 217
12 82 290
86 17 41
104 210 20
122 85 282
57 125 166
149 149 242
15 274 9
157 90 10
287 57 78
163 137 258
93 65 80
68 146 98
1 110 79
287 270 25
1 137 120
62 160 11
263 154 157
63 100 110
224 225 168
257 113 236
164 233 208
249 212 202
200 190 97
15 94 241
5 103 296
183 292 204
171 12 149
168 281 69
95 13 123
8 78 66
281 166 204
34 251 96
116 212 238
16 12 270
96 53 205
184 236 101
50 67 242
289 220 297
36 195 27
76 138 286
262 188 275
211 69 298
200 255 85
295 116 162
276 164 106
105 218 36
94 193 280
285 293 73
249 171 216
55 117 38
286 210 51
223 92 194
262 101 54
259 255 242
235 14 194
129 40 207
242 158 43
178 79 218
214 47 101
134 43 185
277 273 284
147 169 84
246 209 290
87 297 11
180 198 37
44 170 182
20 46 34
235 235 262
217 205 136
74 59 241
251 14 264
291 59 105
298 286 237
4 296 145
162 214 155
53 90 241
259 16 180
192 137 82
217 16 269
294 34 210
115 26 96
253 192 30
277 189 31
222 83 124
5 85 140
209 229 126
276 135 298
138 4 115
67 258 194
5 30 66
207 300 268
101 209 50
28 277 29
298 227 26
104 71 288
59 80 285
157 10 222
97 85 168
275 148 23
113 60 19
234 46 7
172 47 210
196 58 299
77 30 157
282 267 144
280 207 58
146 176 152
10 240 47
257 175 215
165 211 228
16 184 46
10 246 69
22 253 218
281 291 199
119 11 83
238 141 72
187 79 42
204 115 109
288 263 18
227 57 227
148 255 219
54 53 270
216 82 272
287 96 249
195 12 204
119 166 182
146 11 139
170 131 266
148 201 255
300 253 299
191 162 198
203 162 25
7 52 152
220 204 195
203 282 85
182 168 224
125 242 41
137 111 297
109 283 67
207 234 91
113 250 173
143 105 299
252 208 259
20 224 150
201 102 276
83 41 141
264 54 239
86 141 103
257 87 194
271 206 228
96 212 238
77 251 244
98 294 19
93 201 76
158 168 19
248 91 274
179 176 13
137 233 261
94 66 32
42 187 119
191 110 270
202 238 182
286 62 108
59 160 244
241 29 228
283 267 241
198 233 260
243 5 213
177 33 262
42 58 52
295 127 42
154 252 170
249 154 136
36 297 145
130 182 287
11 232 4
211 153 73
127 210 201
59 112 229
55 125 192
115 184 228
167 184 200
264 64 90
296 275 113
54 270 113
196 142 15
237 188 78
149 94 160
95 234 46
153 152 269
147 119 21
240 60 231
115 68 7
14 169 139
255 101 190
143 295 83
6 77 283
104 255 172
62 258 151
19 282 89
24 114 126
157 282 219
123 289 248
120 164 108
293 63 184
150 137 101
54 219 83
58 227 29
214 269 242
91 206 3
137 203 281
246 87 186
238 297 103
132 11 159
20 230 90
95 60 109
190 216 194
113 27 292
161 103 120
111 238 139
70 251 295
146 284 72
287 181 248
118 247 106
259 294 134
40 230 232
218 18 161
79 234 94
85 13 72
166 10 38
194 15 217
152 114 216
69 126 99
94 49 52
25 61 213
216 97 280
48 199 99
260 32 126
8 237 76
289 192 157
296 37 62
39 119 44
269 89 136
174 216 256
200 171 298
228 54 80
157 46 231
246 27 127
113 252 199
71 238 299
114 180 163
259 217 40
198 254 162
262 43 16
27 67 214
36 271 24
16 153 96
135 137 53
51 285 164
142 79 237
239 39 218
94 227 180
238 298 223
12 184 56
16 94 30
2 205 12
202 8 229
259 15 175
248 248 93
268 127 64
85 238 194
256 295 228
39 73 60
288 139 233
261 172 48
178 159 177
43 285 75
91 197 293
14 121 163
181 192 13
191 88 291
226 27 135
292 176 164
109 240 250
212 23 163
167 136 83
55 29 255
287 227 168
200 161 10
94 65 188
132 55 128
258 270 109
296 13 272
102 272 31
293 281 200
264 183 116
8 201 209
293 117 241
274 243 65
58 24 170
205 179 69
125 258 261
173 103 26
36 265 182
183 86 28
148 183 134
197 101 277
261 101 129
27 197 20
140 298 124
277 267 73
53 158 281
66 256 211
155 299 275
194 232 182
287 273 82
161 42 124
259 18 143
155 7 287
293 9 2
131 298 51
134 40 58
240 107 197
126 244 79
226 70 21
169 195 27
175 75 256
211 248 137
77 116 103
295 278 92
225 65 133
272 22 153
86 5 267
228 30 98
199 73 28
83 217 72
8 32 102
259 141 294
292 220 65
117 84 181
141 164 109
250 124 209
249 91 182
172 270 218
7 93 121
232 257 39
44 66 83
123 25 130
196 240 263
254 274 272
101 117 187
285 34 80
35 194 140
200 168 146
112 146 265
79 215 241
216 21 286
100 286 281
183 215 96
24 288 64
272 62 65
246 248 46
141 6 9
178 252 259
177 73 9
24 181 109
237 279 36
79 85 160
155 260 238
43 95 233
224 296 292
39 276 143
190 79 41
71 26 293
265 32 104
225 243 290
17 273 158
98 64 287
149 80 210
12 89 188
106 211 105
54 170 227
118 234 46
213 133 267
210 229 177
70 118 157
150 239 26
13 71 137
241 112 215
156 168 85
281 177 130
212 266 272
82 25 85
27 225 41
223 85 194
55 222 63
253 15 145
178 242 65
95 142 102
137 66 82
205 138 295
229 220 95
220 69 157
124 212 8
69 103 284
12 230 134
184 58 115
278 175 91
294 206 121
22 113 218
158 27 138
41 56 288
239 213 35
16 277 124
250 275 6
141 107 225
125 82 45
107 119 2
263 154 192
184 212 126
268 225 188
52 116 295
14 72 151
296 231 182
255 217 38
140 267 251
69 260 250
284 23 94
32 77 176
273 25 55
291 253 69
107 86 160
206 206 86
263 93 189
131 258 288
82 48 103
278 251 244
176 201 239
99 186 100
95 282 103
51 27 270
132 104 295
101 76 36
297 237 176
81 44 252
15 177 135
196 172 119
286 211 84
82 220 279
145 64 270
93 27 143
60 148 80
95 179 62
202 230 101
279 25 5
27 65 4
51 94 125
207 125 292
56 200 86
277 140 225
242 115 58
149 269 284
298 134 237
148 39 31
267 147 68
65 52 296
278 294 196
71 57 286
225 101 275
63 296 261
70 178 27
234 269 110
5 170 254
188 232 121
277 181 69
122 295 285
290 184 280
45 108 130
146 191 204
263 266 105
87 74 181
254 137 105
269 213 225
117 111 257
175 234 223
248 180 96
42 146 80
280 136 42
159 21 36
236 139 209
39 80 236
277 144 200
41 268 21
237 173 24
269 186 296
271 51 212
72 26 256
103 20 132
193 167 6
10 105 262
71 168 177
113 194 236
44 173 90
118 274 283
71 78 268
67 265 137
267 274 141
61 176 142
146 110 230
261 2 123
8 217 190
225 79 256
299 231 183
187 153 168
207 92 41
296 214 194
86 97 173
11 43 295
198 278 167
148 123 100
123 125 254
259 225 240
59 170 229
281 106 8
161 82 28
231 188 250
221 76 159
149 136 92
282 41 58
231 214 164
130 82 66
15 282 51
228 249 193
88 116 241
293 252 4
66 169 55
48 109 44
118 148 26
262 232 239
217 24 96
238 187 140
287 292 261
203 162 208
72 67 199
38 68 23
25 40 188
190 124 261
15 279 24
213 166 215
149 49 1
264 24 13
3 254 51
103 183 248
225 27 175
77 182 192
272 196 204
209 264 293
55 255 103
234 203 228
91 261 34
50 141 277
86 138 17
126 93 6
239 242 29
270 226 184
127 60 240
259 127 140
251 234 23
55 239 256
90 13 235
286 37 244
166 58 164
72 160 38
217 160 130
105 246 240
122 185 93
105 83 218
143 185 287
224 136 166
3 5 16
166 21 29
60 57 277
300 241 206
77 107 277
73 57 285
110 172 284
31 78 212
201 69 227
7 239 46
182 135 4
140 130 121
91 272 210
208 178 106
117 93 80
109 41 142
94 203 100
160 135 69
287 205 170
146 226 77
202 31 17
274 235 86
276 46 68
11 77 221
54 107 283
24 130 267
111 121 234
54 287 169
17 44 101
153 116 185
273 122 230
107 79 15
278 26 247
232 232 146
58 165 160
155 201 260
18 269 133
179 179 80
51 122 53
231 223 299
294 183 172
242 181 297
40 25 295
134 51 132
120 15 165
268 277 269
224 124 50
175 262 46
92 10 158
17 182 218
238 37 171
175 196 218
165 146 90
290 232 151
125 278 273
209 170 281
82 170 17
294 119 128
286 38 179
95 293 113
154 288 166
78 273 127
279 205 109
187 147 200
294 95 127
78 175 253
255 55 287
185 132 230
28 232 241
246 234 143
221 42 152
37 158 189
74 240 217
230 226 197
155 53 166
239 279 215
270 84 56
169 98 10
232 68 300
142 226 163
292 290 164
73 194 163
218 108 5
277 175 166
121 294 257
151 129 39
110 172 278
70 43 171
10 215 131
62 238 106
4 289 138
281 222 109
94 286 15
292 83 6
64 179 20
177 84 73
178 94 279
123 31 139
98 125 263
52 211 48
146 174 142
236 39 56
195 158 4
66 212 5
34 181 16
89 296 147
105 187 184
8 58 124
154 61 49
275 11 28
238 165 197
121 297 5
168 281 199
68 101 143
225 180 180
275 286 170
101 260 45
198 277 92
175 257 150
246 53 106
262 218 118
250 241 111
272 65 246
287 90 26
282 42 111
211 237 177
161 93 48
4 127 137
85 235 290
128 52 133
240 250 257
76 190 230
223 85 220
134 164 156
200 149 4
1 116 112
166 281 247
259 193 27
134 140 158
230 245 193
154 175 17
281 108 19
88 213 39
169 80 134
130 128 234
281 257 77
207 300 256
215 276 294
59 40 250
144 296 126
34 262 18
161 20 264
279 115 99
292 139 54
112 237 110
62 81 145
208 251 122
205 263 192
109 225 268
225 274 224
165 55 56
214 209 253
44 83 42
96 283 32
41 102 9
264 219 236
167 297 39
287 185 200
227 279 46
196 156 12
168 77 182
114 194 119
223 266 280
287 48 145
181 198 173
28 210 291
190 126 59
4 50 189
84 135 4
187 256 75
47 173 63
157 201 147
65 227 256
4 100 153
23 186 65
191 193 300
16 209 277
80 228 292
255 182 156
117 227 300
33 165 142
135 16 216
148 16 167
260 39 81
218 150 51
38 22 36
180 12 295
105 93 11
218 146 147
237 279 258
256 31 202
248 83 133
228 222 96
103 36 131
205 168 180
55 110 142
195 135 163
248 115 103
216 110 43
291 237 166
288 276 17
164 248 220
294 217 12
151 104 204
251 196 65
68 8 6
18 101 83
266 74 252
286 150 95
219 276 83
49 21 257
122 19 89
115 15 134
8 76 102
131 151 75
197 21 110
149 99 30
152 188 167
293 255 170
199 129 105
289 100 110
98 67 44
156 226 292
135 50 282
38 215 120
183 262 144
197 246 87
23 198 13
258 24 46
146 98 297
53 75 278
93 278 104
150 275 113
267 58 249
33 187 120
82 201 14
4 58 47
265 298 279
177 207 175
120 5 138
87 229 162
125 79 103
239 30 26
75 17 170
101 177 203
12 26 17
96 271 74
236 86 297
175 164 269
272 155 173
69 168 104
73 300 199
282 132 151
246 205 237
105 17 42
160 18 157
205 263 166
189 279 9
146 267 12
132 273 72
43 106 278
65 74 47
300 15 223
191 242 268
116 134 174
32 40 245
7 176 18
95 300 299
91 285 231
6 75 169
32 123 284
268 178 147
157 272 88
77 68 286
45 125 255
251 20 273
90 290 174
132 294 197
231 121 135
258 116 240
27 254 255
176 229 262
171 119 152
182 111 253
269 165 209
184 180 134
295 193 180
115 245 254
201 121 259
239 273 189
2 91 175
40 45 228
225 83 37
279 244 270
5 95 139
177 32 267
231 95 280
30 7 110
122 69 113
4 223 162
164 281 107
237 206 292
153 86 144
101 154 133
8 27 6
156 44 181
80 51 102
87 171 91
287 247 180
251 251 15
15 267 110
148 166 48
261 130 239
41 132 4
185 142 184
226 166 115
154 20 248
274 7 63
19 277 143
262 275 25
272 115 11
11 146 169
155 155 192
274 24 8
175 225 154
138 240 48
78 145 130
269 126 147
163 276 237
100 135 56
14 298 114
99 77 158
58 240 184
22 5 210
95 69 115
57 258 16
218 291 80
53 112 1
206 103 136
287 222 31
128 151 81
146 179 129
103 249 213
132 251 167
76 61 171
80 55 89
99 95 60
264 219 154
194 216 116
257 74 194
234 60 205
16 163 217
36 174 235
44 16 201
285 93 99
52 297 74
105 143 222
123 30 38
199 153 245
86 230 193
46 299 213
244 214 182
279 109 206
292 81 91
182 44 198
24 120 52
176 220 200
14 12 91
63 267 144
56 167 269
253 284 141
11 4 81
25 228 280
293 90 45
25 65 26
153 286 21
50 199 4
233 41 119
124 213 150
194 162 159
208 85 223
53 216 147
104 3 6
154 124 33
43 102 77
227 299 128
61 183 30
74 275 121
79 83 96
17 136 12
286 45 188
238 45 19
117 67 35
298 23 74
42 190 177
121 121 273
81 232 292
213 40 182
182 187 256
246 137 198
174 190 198
167 228 163
282 191 139
147 221 24
175 94 121
32 17 7
157 68 293
282 213 291
107 102 9
211 1 32
86 193 300
96 44 151
70 92 136
236 251 252
156 284 190
113 198 128
70 3 172
102 151 284
11 15 218
207 272 106
274 26 253
43 156 273
157 167 264
156 115 185
233 16 128
47 197 143
101 57 173
56 3 148
297 20 36
115 36 40
298 288 54
105 251 73
99 215 147
62 273 242
115 58 191
19 74 147
215 55 229
278 111 171
219 142 164
171 216 236
17 284 142
300 120 90
45 276 22
52 91 223
133 10 101
185 292 95
59 4 212
187 292 164
28 266 115
124 62 104
195 291 289
6 7 231
44 22 129
99 170 255
262 57 290
112 157 110
84 258 58
90 278 261
271 69 248
130 90 118
41 206 263
52 186 57
182 279 29
152 93 212
73 282 24
240 154 241
217 113 112
229 296 210
174 42 178
270 189 107
300 158 231
64 268 184
70 265 57
63 58 207
21 184 160
122 62 169
22 290 91
29 31 244
94 53 293
19 11 76
74 4 274
80 75 239
185 133 22
89 233 252
121 282 113
109 69 256
20 166 287
51 287 271
140 112 240
269 185 120
8 195 250
95 54 279
259 171 220
174 42 118
1 240 261
4 125 214
260 96 144
34 175 226
193 47 2
241 68 219
171 128 292
115 149 216
190 102 98
151 84 284
81 42 280
172 258 206
20 125 268
97 294 150
189 176 126
153 122 108
161 131 178
53 141 177
158 181 186
226 88 12
158 89 4
186 230 282
57 228 110
3 10 31
164 230 118
133 12 127
7 54 153
15 229 5
17 163 289
43 116 69
71 141 154
114 69 240
285 259 102
272 280 125
134 74 151
102 126 132
111 63 114
47 277 252
10 162 59
40 258 257
16 248 298
198 106 215
60 72 97
111 12 263
144 221 137
230 164 34
180 57 214
130 238 165
120 39 259
111 65 244
148 129 75
128 286 267
209 4 212
106 272 70
175 202 287
246 69 59
292 106 200
214 271 263
63 32 129
245 202 287
30 97 42
233 56 200
26 213 259
52 275 196
253 150 261
141 225 200
43 107 14
178 236 132
6 124 64
245 206 211
72 12 62
298 65 75
49 67 188
145 131 139
1 165 217
24 145 258
70 84 74
273 236 144
164 176 31
46 278 51
290 192 250
25 191 299
78 112 250
114 164 171
241 233 233
182 231 73
153 52 177
154 124 135
191 38 203
165 139 230
138 156 55
4 48 62
182 25 249
196 95 292
87 61 17
103 44 211
229 133 69
32 222 273
111 110 292
178 26 205
41 168 35
208 199 12
211 127 148
80 39 48
167 96 146
98 49 70
209 270 61
73 93 147
255 184 45
139 51 139
73 208 272
29 82 24
30 219 152
246 33 105
90 163 150
284 295 249
213 254 121
270 72 210
128 295 97
186 62 257
287 38 204
158 135 146
47 72 70
196 266 14
172 186 221
25 175 278
10 14 156
275 265 131
105 130 222
51 114 227
300 70 235
210 298 178
163 20 247
226 273 9
2 154 28
275 193 183
209 213 290
66 56 155
227 14 11
210 32 202
291 100 2
9 19 70
42 215 280
2 247 94
69 104 140
44 99 300
260 127 38
118 102 10
106 180 75
90 226 195
74 216 110
93 178 179
168 289 87
277 189 124
155 238 8
184 57 199
134 120 279
300 278 126
113 183 141
92 277 203
101 207 258
51 93 238
222 218 239
221 240 112
168 171 198
211 8 240
209 18 132
101 279 245
126 13 282
69 188 44
86 26 239
261 78 37
80 192 144
160 258 32
273 85 7
85 144 17
112 232 206
68 152 136
167 117 89
26 49 172
32 161 128
8 96 3
43 3 15
82 188 101
122 102 279
290 49 21
127 221 197
156 267 220
226 138 202
214 190 211
236 57 274
281 252 102
179 213 37
183 111 71
20 134 239
6 129 241
123 179 108
182 180 253
265 284 52
192 272 58
292 144 245
189 195 290
260 71 38
238 153 122
48 212 100
297 40 111
259 21 255
33 34 160
115 29 291
182 39 71
221 138 75
193 25 58
41 256 23
186 39 168
89 20 84
51 243 50
34 297 128
106 245 180
141 131 73
86 97 286
177 245 74
80 197 72
296 3 89
215 235 86
208 206 90
98 219 124
87 85 273
268 170 55
288 56 82
47 50 132
39 32 54
71 56 198
98 113 34
222 26 12
4 75 153
73 288 59
282 222 53
112 175 57
268 67 52
75 88 164
112 131 3
257 224 22
49 10 66
117 294 1
103 205 225
203 184 257
170 5 91
76 272 155
147 18 132
91 74 240
168 236 39
128 236 220
57 246 107
27 178 225
112 104 92
295 93 233
225 158 141
228 124 261
199 62 156
208 194 281
135 117 217
143 79 116
270 74 236
8 117 104
212 147 248
112 163 269
112 287 31
121 280 21
215 289 144
70 264 227
49 85 270
175 128 297
177 63 100
36 173 121
268 249 226
288 81 289
170 63 299
167 101 263
48 277 291
225 50 163
261 128 41
49 294 4
276 242 70
258 109 43
7 72 210
299 123 106
166 51 108
295 67 33
209 189 121
187 226 16
256 20 188
3 241 56
107 266 74
48 127 12
265 143 81
64 183 130
6 102 105
266 36 228
24 284 83
190 160 39
28 234 141
174 83 158
51 243 238
109 177 34
74 255 128
286 265 165
21 119 71
274 41 81
186 120 188
160 238 276
17 59 52
20 248 100
117 127 34
79 91 225
3 180 108
190 298 266
209 219 294
140 106 50
257 95 292
235 163 163
294 193 129
81 283 208
35 251 16
291 74 70
68 37 282
275 140 72
291 15 17
44 46 241
284 37 141
243 32 12
284 69 1
110 43 94
152 257 100
223 250 269
106 99 189
143 88 232
88 292 269
264 143 146
242 80 236
31 82 281
294 283 241
30 292 69
31 195 104
53 34 148
187 266 8
251 20 43
233 13 148
205 259 284
299 126 190
261 205 190
222 61 15
295 194 274
55 3 173
274 119 133
261 157 234
241 14 9
50 158 241
294 262 75
36 95 36
228 136 58
182 130 69
258 133 274
237 37 24
158 74 138
31 146 204
295 155 218
247 99 242
18 51 138
205 255 144
232 192 276
184 286 93
184 6 280
233 100 197
20 47 4
239 201 54
50 163 31
238 290 31
93 53 124
95 95 230
210 109 107
86 264 86
270 200 163
229 120 194
146 191 44
25 251 43
295 166 153
62 78 85
67 86 12
290 136 49
252 232 67
116 63 209
115 102 163
247 284 158
266 236 205
23 291 80
287 60 109
176 95 131
73 214 63
50 3 263
90 217 246
81 145 117
299 287 19
164 270 109
218 193 136
54 60 13
59 101 130
90 15 1
148 5 90
28 150 244
190 180 247
98 71 149
219 299 7
159 19 239
188 8 63
278 25 278
133 72 192
245 300 298
24 128 34
288 267 234
186 181 39
39 34 237
37 183 136
252 2 54
107 282 94
103 149 11
264 240 71
92 135 182
188 18 269
44 124 250
38 23 249
176 172 290
44 75 59
257 82 99
59 28 49
160 218 198
198 14 280
150 227 175
50 271 289
118 80 132
276 156 271
52 255 297
234 116 170
227 30 193
219 105 199
247 284 55
88 6 94
275 150 66
279 193 47
230 197 124
59 131 28
128 228 11
218 152 248
260 273 216
266 202 33
2 272 185
266 109 205
37 172 231
250 111 298
226 237 21
96 177 162
148 3 35
211 222 107
254 230 224
267 267 128
107 15 112
284 133 103
112 171 20
107 24 189
108 212 190
257 223 111
60 204 131
289 121 270
132 75 263
54 220 114
241 150 186
284 215 178
91 96 73
99 57 244
169 143 215
52 300 277
203 184 208
102 5 83
193 255 125
96 93 42
121 124 48
43 51 203
79 47 152
221 47 190
252 227 260
183 22 197
35 142 21
65 205 154
120 296 119
287 261 132
54 146 160
244 158 26
231 167 164
27 246 262
211 127 33
64 174 121
293 185 282
201 23 137
87 65 164
43 94 82
62 33 15
228 108 197
5 125 15
147 124 77
45 59 194
22 154 211
190 211 222
32 193 84
259 157 200
112 170 28
12 193 136
47 167 125
267 90 253
132 81 111
41 85 87
69 220 83
122 4 132
141 188 176
62 246 161
298 240 13
163 280 3
12 183 153
120 233 165
219 171 152
202 189 29
177 24 261
192 166 174
113 46 142
221 177 247
279 89 93
192 46 255
196 283 133
137 205 274
86 166 113
130 107 239
108 13 55
181 199 227
34 216 159
238 69 170
174 129 44
180 269 54
277 10 82
134 166 179
192 7 3
178 11 271
214 196 237
122 130 132
256 84 114
282 48 232
36 132 209
182 149 33
145 183 155
194 27 112
165 10 283
164 3 57
243 148 95
108 286 6
248 150 132
226 255 244
224 10 145
285 263 191
82 12 129
228 18 43
21 297 79
23 38 64
275 106 24
220 85 190
47 269 184
280 210 218
219 292 163
9 102 293
295 284 40
66 14 169
142 238 110
127 82 60
34 99 147
88 223 26
220 227 183
181 73 122
31 119 27
228 192 297
188 51 105
262 210 125
178 158 65
180 58 112
160 147 60
105 78 125
164 99 39
260 261 95
67 250 177
170 195 257
182 109 57
43 51 31
83 15 253
184 256 150
284 209 194
107 209 35
91 28 156
143 178 86
26 10 235
75 257 297
174 210 151
118 64 289
165 194 294
152 72 196
61 235 223
120 103 56
232 233 189
76 276 245
119 280 103
264 113 165
92 4 202
96 243 287
192 131 14
86 100 114
73 231 88
139 160 265
269 167 275
154 96 147
176 205 187
135 182 220
96 137 185
5 96 148
267 201 186
45 274 207
294 220 27
100 139 62
172 300 63
259 166 177
113 104 178
153 207 129
179 128 290
141 292 133
82 261 25
223 157 42
64 218 42
60 11 297
139 17 111
117 189 153
70 3 192
241 6 215
233 218 282
229 275 248
62 239 139
118 115 14
144 190 233
213 114 17
276 258 180
271 107 8
268 37 85
225 256 164
266 292 20
79 42 221
93 202 239
213 178 63
254 180 180
283 105 241
281 250 133
235 173 110
244 210 228
180 42 119
59 55 12
59 37 89
10 76 78
244 46 87
67 1 47
10 106 147
236 255 7
39 85 112
271 270 45
221 62 87
37 203 68
276 53 241
152 207 38
174 162 143
271 218 65
21 96 46
148 69 18
135 244 247
1 222 43
91 141 219
69 235 97
180 183 125
232 296 30
170 119 292
277 37 23
173 276 215
151 123 14
7 230 74
42 159 62
282 276 240
67 141 250
105 248 175
8 283 89
64 56 88
218 93 226
53 63 34
118 62 300
153 248 257
95 274 147
182 101 266
211 48 76
158 193 221
285 2 30
57 198 46
79 66 18
295 181 86
23 101 139
289 148 104
143 296 256
223 282 30
202 44 103
170 93 242
71 77 290
25 15 118
203 272 179
274 192 44
205 136 25
147 111 275
286 283 146
119 164 188
109 198 230
269 196 133
147 137 247
217 199 251
68 67 273
223 195 169
15 286 251
257 212 283
188 113 48
275 189 201
69 196 243
18 38 258
143 215 89
153 264 215
102 27 195
111 83 270
170 261 47
103 141 276
245 281 262
253 93 67
285 160 178
173 285 248
299 240 30
142 192 17
218 237 167
283 193 124
17 279 34
222 51 282
230 250 234
134 72 231
89 44 6
224 214 160
77 3 204
285 195 53
275 88 255
254 236 224
132 28 96
263 183 125
36 288 255
240 58 291
248 2 80
153 114 70
269 243 5
213 165 241
126 48 221
203 152 218
215 53 289
25 62 272
291 296 261
145 267 278
32 237 59
219 82 166
294 292 3
69 154 283
265 86 85
85 259 125
179 236 217
114 240 182
64 39 42
217 281 234
148 238 56
140 41 55
157 225 242
85 299 182
226 148 93
211 97 25
207 159 269
257 127 83
231 13 246
260 13 249
211 153 130
1 151 125
50 219 190
291 92 145
240 242 157
26 138 294
62 164 81
74 14 207
113 197 47
8 284 35
99 223 180
64 177 74
35 15 74
163 111 238
210 233 264
44 86 92
93 184 230
75 240 273
163 199 277
10 43 128
166 179 177
219 132 9
24 71 78
202 228 289
52 17 144
217 18 101
148 192 252
246 151 19
86 297 167
37 163 63
229 252 283
153 178 285
157 24 237
1 134 42
92 156 134
118 8 252
149 169 118
157 238 46
246 107 168
254 24 95
279 68 118
239 250 128
167 13 121
214 204 165
63 278 180
49 201 124
53 273 26
96 196 107
45 64 187
295 86 216
110 167 185
251 190 192
292 67 233
55 11 5
240 211 25
119 248 144
168 27 240
65 197 45
103 109 253
231 12 154
225 2 16
264 120 123
262 243 273
38 108 197
210 83 209
242 67 198
285 205 267
287 179 234
263 193 296
165 138 268
240 2 158
263 251 99
192 215 130
129 270 1
144 89 216
223 177 295
74 248 180
200 11 154
265 270 214
122 20 140
127 155 73
61 259 5
233 204 150
172 182 195
28 92 111
299 300 174
227 261 271
233 89 115
97 221 186
11 45 113
152 241 24
105 227 2
294 298 280
122 182 118
92 238 283
286 175 198
99 9 107
142 86 243
22 159 210
276 207 119
16 63 15
262 145 51
91 42 233
47 96 1
294 104 9
40 229 103
268 128 230
135 205 245
99 140 268
89 76 287
278 30 108
264 47 99
209 270 254
47 142 240
31 56 165
87 7 236
164 229 63
16 149 82
280 28 66
228 198 270
170 112 41
115 67 249
52 290 190
217 174 142
239 292 166
221 182 157
261 212 291
287 253 190
40 196 155
199 160 150
93 158 151
41 163 91
251 22 250
108 226 79
144 221 131
77 293 180
240 213 91
291 83 299
42 37 299
47 157 99
82 196 165
288 199 52
227 38 292
115 39 22
189 118 101
254 154 19
288 48 79
109 68 46
252 96 227
247 164 123
21 149 122
219 118 206
283 275 80
145 243 287
167 245 108
269 253 25
76 164 65
20 276 210
2 186 90
291 281 167
43 44 16
266 252 233
22 71 258
145 117 124
10 156 45
227 103 181
213 239 161
15 166 245
67 109 114
35 196 101
99 212 207
275 72 158
132 200 114
298 30 73
159 3 292
73 289 36
80 185 51
146 211 21
89 186 131
102 245 110
191 91 128
179 58 126
243 292 285
138 88 263
36 132 299
288 73 260
78 238 291
85 91 300
187 86 17
227 192 27
115 41 152
50 227 258
190 96 247
139 269 59
235 171 266
114 156 95
88 143 48
121 254 79
170 24 44
272 258 69
141 268 205
233 222 73
103 228 164
153 261 128
134 203 198
37 36 4
289 190 9
166 25 36
38 48 11
105 234 187
16 195 80
161 111 171
40 3 137
113 148 230
91 138 244
289 254 136
85 221 222
103 197 119
109 85 48
211 158 228
205 264 14
231 163 174
213 271 66
52 297 99
74 236 199
176 53 201
213 16 148
178 211 50
75 196 33
36 67 58
278 129 31
76 62 286
190 48 1
211 283 279
37 180 6
100 102 65
270 89 144
160 272 102
50 8 12
150 2 293
133 250 152
128 174 163
200 35 191
87 46 80
135 158 226
124 257 134
43 41 192
275 222 263
275 161 90
50 55 30
216 203 103
171 170 231
107 214 245
195 13 84
44 12 151
103 253 250
59 124 263
253 224 234
188 77 87
104 157 17
141 133 69
193 26 197
200 204 131
275 43 132
260 83 297
276 237 172
94 285 246
197 280 219
81 179 260
184 190 74
141 244 44
106 255 26
173 25 279
98 279 134
280 49 261
165 8 247
56 224 142
268 3 166
94 248 140
180 279 102
19 39 282
300 201 233
38 31 221
22 232 77
95 60 125
279 118 210
23 276 58
281 60 177
262 31 266
124 72 129
104 150 290
58 47 249
143 11 73
187 275 58
101 194 204
262 244 278
245 263 110
112 102 110
14 208 101
267 137 209
61 86 258
251 289 212
46 153 96
20 295 248
230 295 269
150 292 122
285 232 120
38 64 34
87 60 281
208 42 66
297 89 76
4 295 108
228 289 30
171 105 79
277 109 125
218 214 87
113 290 87
235 54 23
232 186 35
132 25 3
181 231 121
197 298 195
139 113 36
43 236 253
198 63 139
196 44 285
259 4 133
200 43 283
118 233 173
103 200 84
284 60 129
150 155 216
297 273 264
219 23 164
200 220 140
291 51 114
141 284 226
133 48 58
75 21 242
51 84 10
274 62 86
211 153 92
44 121 72
175 170 218
164 155 41
14 36 212
147 10 291
194 118 36
182 236 56
190 14 94
19 155 248
291 203 184
15 17 218
285 199 214
277 294 237
18 111 68
178 290 40
292 205 11
90 274 97
288 167 101
118 32 157
38 121 125
20 36 91
211 47 10
264 183 140
37 82 42
33 32 121
277 289 50
9 72 283
147 162 108
147 131 40
100 132 95
277 120 101
14 129 3
186 74 241
66 227 123
20 16 26
63 159 146
298 19 220
292 219 294
279 225 36
297 24 36
182 84 92
186 246 94
295 145 298
215 56 197
201 32 27
243 250 92
205 295 253
181 142 276
61 227 73
76 197 109
16 68 215
101 296 117
14 245 103
66 20 205
217 75 180
285 184 198
249 232 229
277 180 256
195 244 198
296 165 260
45 79 102
205 52 188
174 191 245
52 17 46
221 163 105
239 136 82
259 205 53
137 21 58
163 208 198
105 2 18
290 123 25
219 90 277
201 156 125
97 118 289
215 151 137
49 90 212
193 199 257
194 3 283
228 68 28
272 37 268
238 164 5
131 23 81
244 162 94
138 136 81
131 80 106
34 242 22
113 84 136
228 83 94
298 177 267
97 34 1
38 10 31
33 162 197
26 1 190
22 252 98
204 4 122
285 149 185
122 184 2
161 246 217
240 284 139
184 84 39
186 217 83
143 41 57
234 57 27
291 174 81
62 200 127
93 158 78
231 176 165
108 184 71
201 226 202
97 54 155
276 92 130
149 11 188
89 24 147
249 224 245
237 109 202
287 18 271
10 110 96
266 65 207
189 90 250
220 159 244
291 281 293
189 45 184
202 238 127
64 54 59
55 230 21
228 135 6
260 157 85
278 186 4
197 285 201
159 183 89
96 101 114
193 157 169
169 271 113
23 45 67
291 213 69
175 6 167
27 107 292
74 209 131
216 217 74
279 270 129
280 97 248
252 169 121
27 169 139
231 149 252
80 239 162
7 97 20
122 81 121
78 298 250
244 93 283
108 92 231
147 258 197
291 46 62
299 300 204
15 159 76
36 85 227
201 40 89
212 81 108
199 80 92
14 9 134
163 281 165
33 172 291
294 195 225
179 221 274
108 233 210
131 179 182
126 29 110
27 15 128
256 178 39
283 67 142
260 96 161
263 169 211
220 280 50
25 87 296
135 153 152
229 280 169
155 30 295
261 75 30
244 257 243
239 97 160
201 176 89
24 114 227
69 300 45
219 45 10
25 193 202
73 40 247
25 131 269
121 4 22
277 204 190
42 2 48
70 195 273
11 27 161
194 145 275
56 261 186
247 64 85
73 270 253
270 125 15
254 134 209
62 16 8
148 282 190
171 4 100
278 202 200
164 229 114
72 54 297
171 295 115
116 275 40
42 268 63
110 206 124
194 41 150
112 214 194
157 205 62
225 9 198
292 40 8
268 175 215
261 154 286
207 273 65
53 94 235
160 90 291
150 147 253
178 148 84
39 91 215
61 216 26
62 180 113
228 297 247
124 293 147
125 259 29
211 259 233
66 110 155
66 123 205
36 86 68
116 143 141
127 19 228
133 181 228
155 194 85
138 40 280
148 224 264
41 254 134
152 120 233
40 62 275
152 84 47
206 46 7
94 68 210
11 272 51
27 55 83
182 189 11
145 271 204
22 142 189
51 114 295
111 291 50
220 103 57
163 229 185
49 44 28
230 213 68
149 219 49
47 263 290
293 211 19
40 224 89
271 27 115
225 243 284
231 143 33
38 198 198
20 230 225
46 86 272
107 181 185
38 296 195
157 246 273
32 234 111
85 32 180
164 267 51
14 121 141
172 278 241
150 183 92
120 42 89
98 86 186
293 142 131
53 169 108
275 74 283
49 205 121
116 137 147
222 145 95
21 13 294
256 47 159
69 167 251
170 260 245
246 249 209
39 243 123
135 22 267
130 48 207
195 244 19
221 53 173
54 103 211
285 132 256
253 116 227
219 129 294
144 288 281
37 290 62
132 238 191
8 228 72
147 273 84
225 238 108
197 43 173
213 116 268
164 127 82
198 195 207
233 249 229
72 120 160
75 33 216
31 216 84
177 134 173
152 17 183
232 141 165
226 62 73
1 163 216
197 282 258
69 257 12
82 105 294
183 45 267
74 148 262
68 181 194
11 69 290
31 144 36
111 197 132
189 235 140
119 9 94
158 191 208
270 168 198
4 250 102
34 227 2
127 294 291
11 41 236
255 86 59
267 111 104
39 231 144
122 144 179
32 179 131
5 136 194
157 61 120
83 274 275
224 245 162
11 132 263
29 205 155
172 68 158
107 300 169
149 9 44
4 169 223
169 41 262
180 31 65
140 281 132
103 49 270
81 169 89
222 173 70
298 126 139
29 260 99
15 19 74
26 159 22
104 189 187
247 190 279
23 271 156
2 29 176
138 137 242
272 129 22
62 48 135
244 194 41
165 212 121
240 95 149
30 32 204
7 242 161
198 107 78
250 266 167
59 243 61
184 109 207
185 100 194
30 3 148
3 274 66
64 120 276
11 277 161
263 216 150
156 259 205
184 131 155
194 194 22
183 144 162
152 218 149
36 120 298
156 293 69
248 49 17
80 241 33
36 189 145
237 243 97
48 174 225
260 40 115
72 231 156
3 72 118
47 296 51
235 223 110
201 75 173
102 287 91
73 10 178
277 24 8
244 105 247
142 113 21
239 13 100
234 276 214
201 207 184
96 271 53
126 166 106
44 4 246
167 158 97
167 9 118
295 108 86
136 174 95
42 42 119
30 27 261
86 96 259
126 79 43
112 94 181
247 166 35
62 90 220
85 251 215
188 186 262
253 44 124
212 29 7
240 40 124
213 185 244
63 236 18
285 36 285
205 8 80
88 191 129
265 102 174
168 153 245
18 290 126
131 88 293
290 232 233
180 253 271
10 276 227
177 83 205
241 265 49
196 292 85
85 271 76
121 217 78
209 223 223
147 145 13
216 97 5
169 21 262
30 143 178
284 185 231
16 48 212
55 194 153
222 231 251
45 132 129
237 182 187
99 280 259
98 299 99
227 191 279
125 286 214
216 193 45
18 134 195
7 145 163
171 159 187
234 61 48
136 65 58
161 109 180
164 274 71
48 35 196
69 241 92
138 227 193
223 77 17
287 171 167
193 147 153
70 14 118
114 24 94
179 122 82
73 46 210
123 152 198
61 21 294
185 152 32
89 86 296
78 59 51
124 166 140
33 159 280
67 18 58
9 114 291
225 214 178
96 272 25
168 258 78
268 21 212
183 126 202
206 206 11
221 169 145
297 83 223
133 43 195
114 126 222
6 56 172
69 227 75
16 282 180
228 269 252
60 263 163
207 84 239
174 1 131
6 225 285
289 245 65
7 276 59
155 248 229
46 208 88
297 169 91
232 137 83
190 97 99
74 140 203
41 28 82
252 31 170
62 82 207
279 98 260
273 290 245
25 210 154
35 104 17
181 77 163
105 298 141
248 176 98
167 108 251
160 16 84
282 215 158
268 52 77
184 230 261
62 45 51
136 190 35
238 40 114
191 243 154
126 116 78
290 31 260
76 33 224
95 87 218
297 14 145
92 277 281
146 232 183
177 81 34
130 113 172
300 204 36
261 106 52
252 287 227
92 214 276
184 116 285
269 181 48
293 34 138
44 235 54
152 270 116
76 47 216
10 210 87
66 216 96
151 257 220
45 213 99
28 179 86
216 225 286
293 190 180
169 97 282
103 155 197
176 49 41
116 116 96
126 101 299
281 178 258
239 6 268
115 180 54
207 252 179
189 198 270
140 224 12
166 97 78
156 227 293
235 127 147
207 194 24
82 253 69
27 48 169
231 54 106
81 187 208
199 128 47
89 38 88
38 197 70
75 98 148
221 54 107
96 147 4
79 26 191
117 45 57
219 139 211
102 80 250
293 115 263
259 51 299
88 124 51
267 194 51
97 220 27
37 157 2
147 256 238
42 293 204
98 183 180
135 241 263
238 46 125
180 183 59
85 83 108
127 238 161
148 133 188
44 152 166
54 300 140
134 286 63
151 225 34
30 184 49
270 199 81
182 184 276
117 296 129
86 8 68
47 227 121
211 170 70
281 28 279
167 188 261
137 267 152
245 228 103
136 76 61
252 25 6
83 114 19
263 161 192
153 234 48
254 275 192
136 186 69
147 246 231
39 258 44
259 266 181
37 271 216
40 153 33
244 78 59
123 272 86
35 237 75
225 116 66
72 207 37
283 264 41
7 115 61
24 95 282
167 170 147
162 60 193
15 96 173
71 291 273
256 156 157
88 22 166
243 147 249
233 67 141
150 196 243
19 81 101
138 170 104
41 153 127
259 91 181
117 46 38
238 96 90
102 190 118
254 8 29
79 269 217
81 297 254
50 99 300
231 273 105
283 149 87
163 65 25
240 43 123
8 53 156
232 266 285
210 137 282
242 65 129
10 141 212
167 208 66
136 199 123
50 70 55
215 66 205
7 160 120
164 70 15
54 211 294
130 47 24
278 8 243
14 89 66
111 116 23
262 125 148
66 131 150
133 76 254
230 112 207
281 218 64
111 274 91
175 133 255
189 8 47
142 249 20
258 227 116
279 28 105
224 181 203
207 8 288
281 282 182
187 249 218
288 113 120
34 114 214
108 177 177
152 193 33
85 181 87
59 69 210
248 132 43
26 67 104
193 297 150
221 126 261
94 28 48
239 219 156
151 159 211
54 251 71
215 104 136
120 33 42
34 283 87
146 150 229
57 59 193
193 232 146
287 202 230
142 228 278
296 181 100
115 143 162
38 24 253
220 56 242
169 105 252
174 206 284
232 196 230
191 87 155
197 149 16
259 147 252
58 28 3
281 276 38
245 204 143
46 138 110
296 115 58
43 196 249
209 131 230
282 122 52
290 106 96
241 261 15
162 98 286
183 300 102
119 83 283
2 254 123
4 152 265
184 119 47
166 174 291
112 68 207
87 282 263
231 264 19
145 82 223
112 157 240
72 117 265
130 33 115
234 246 93
283 35 194
11 215 213
250 140 127
34 261 14
247 202 129
288 122 168
248 268 78
300 210 181
165 12 164
124 28 43
169 60 1
27 78 132
69 208 77
289 143 162
158 249 60
23 148 18
176 205 231
107 271 19
246 13 179
61 123 229
138 78 298
153 196 79
36 289 9
53 253 130
133 250 294
115 291 254
153 118 259
147 134 20
83 219 33
137 188 228
215 149 211
81 245 36
298 147 93
145 196 148
28 230 299
173 143 180
216 21 86
298 86 300
227 232 238
236 61 83
150 12 194
234 291 158
174 203 182
107 142 88
83 121 132
111 194 19
168 37 44
71 131 107
41 43 189
143 171 118
37 221 128
247 262 291
293 242 118
118 167 57
11 145 297
145 280 133
66 79 16
99 102 224
169 57 41
92 247 132
246 197 84
120 93 24
191 223 114
219 66 288
147 181 181
182 77 32
118 230 38
76 128 186
123 64 278
104 2 46
233 29 62
187 40 111
225 144 212
134 268 26
4 3 104
46 274 213
166 52 208
287 82 232
5 271 264
280 92 290
237 299 283
241 101 30
206 111 273
171 57 214
246 217 189
224 21 203
168 196 281
79 262 218
148 170 57
212 187 77
215 168 172
79 271 114
260 257 201
34 189 83
68 259 80
75 284 156
269 104 150
202 110 299
137 171 167
279 291 131
203 52 255
91 74 14
281 76 167
120 138 15
81 241 211
229 177 49
3 45 233
219 269 97
249 265 190
216 137 133
98 89 71
63 15 10
47 101 137
111 205 266
252 80 181
15 27 87
120 99 128
39 281 156
135 219 249
294 23 255
213 275 254
18 288 244
228 51 93
7 102 90
146 204 76
209 117 246
30 85 68
37 133 231
294 114 63
276 200 15
250 218 265
19 147 206
270 28 116
232 272 270
277 217 280
230 236 270
183 228 84
121 22 140
165 173 186
241 288 283
51 225 261
252 160 85
3 43 239
60 171 156
170 57 276
259 157 251
97 272 204
193 234 131
221 285 177
297 263 297
66 151 269
210 85 217
121 30 41
229 47 102
43 15 281
186 44 207
63 66 239
10 123 166
175 155 86
300 23 259
20 16 77
277 115 238
172 78 88
209 155 77
163 78 300
105 91 244
125 259 168
193 266 241
175 41 242
216 34 54
119 280 179
211 87 268
15 48 171
243 281 175
140 282 9
284 132 60
284 68 70
162 260 96
135 216 83
265 43 211
236 108 215
251 110 135
282 223 300
42 75 295
203 234 140
79 133 47
298 128 235
180 15 113
25 110 295
123 242 276
174 297 250
163 212 279
20 158 232
183 226 209
264 56 263
87 298 168
115 40 56
212 150 248
186 49 263
122 264 247
175 77 110
62 284 75
7 291 153
248 144 292
220 193 252
78 71 186
221 234 195
17 286 233
235 251 79
116 131 238
161 179 223
63 81 226
198 59 218
247 294 179
114 134 99
289 99 275
266 152 71
108 113 39
201 156 4
29 50 220
169 107 281
198 49 203
196 142 34
259 220 113
210 192 115
196 85 250
275 231 173
200 240 6
109 191 265
164 50 220
73 120 149
63 146 194
259 70 231
192 48 208
5 280 169
112 252 244
95 125 64
84 115 283
182 34 87
211 97 198
222 32 222
155 71 266
119 94 136
68 244 77
113 281 230
139 145 93
180 200 92
188 148 156
74 98 121
96 257 2
295 175 99
83 272 91
245 81 238
186 154 139
51 19 26
122 283 259
147 45 84
162 46 291
257 80 53
133 152 278
266 150 70
190 141 82
236 120 278
274 239 129
91 31 220
124 64 12
58 41 80
52 196 124
5 43 13
249 180 243
69 143 202
44 36 284
102 124 216
280 133 273
141 57 18
33 102 38
201 182 300
241 179 93
244 20 37
43 61 68
248 170 39
119 130 118
116 224 125
284 290 149
119 104 8
26 88 280
274 137 43
255 31 232
235 299 139
243 37 162
30 154 97
251 294 35
128 213 130
35 230 42
256 140 187
209 234 32
51 126 197
91 81 278
150 77 78
180 147 211
110 28 217
82 81 88
269 27 251
295 76 273
221 155 193
175 194 122
5 3 227
196 38 79
27 174 116
158 126 108
17 255 31
98 79 121
138 36 20
47 269 95
199 218 126
240 119 53
19 60 183
32 214 120
196 104 271
295 286 65
59 211 105
232 142 236
236 55 3
142 25 77
224 61 177
145 168 242
78 148 24
117 81 59
61 75 250
131 163 241
57 27 39
219 139 112
30 264 145
134 268 253
231 69 190
243 190 123
203 196 269
219 214 202
195 93 117
74 179 250
69 92 26
20 132 205
203 28 180
84 166 74
285 78 110
2 14 106
54 250 136
138 145 44
37 194 171
70 22 145
161 125 72
226 270 137
289 281 94
287 300 210
129 103 144
93 58 139
297 237 160
229 201 176
4 228 45
228 63 11
278 228 131
170 259 289
271 106 294
299 181 196
159 240 188
175 70 159
135 47 208
47 221 176
282 159 242
244 166 125
273 242 52
206 131 272
11 81 254
37 149 221
139 200 108
215 34 277
22 66 255
17 223 94
98 252 151
165 232 123
145 174 237
37 203 135
127 266 28
150 125 144
79 291 250
8 269 61
269 168 139
172 203 294
139 148 195
108 136 296
42 124 31
140 118 272
284 184 21
42 195 242
166 1 270
215 218 219
115 223 198
197 128 76
50 187 58
187 141 99
132 290 284
290 258 168
111 292 255
300 169 193
99 118 199
55 186 198
300 178 280
192 57 202
128 223 24
5 4 212
213 273 124
45 140 19
143 276 141
19 6 49
28 56 247
199 6 78
173 255 22
33 220 8
16 129 151
103 233 172
67 90 248
171 215 151
225 66 19
204 17 67
94 92 55
178 150 270
152 298 213
78 240 21
140 30 89
232 41 90
130 31 241
163 57 239
297 84 59
241 96 19
118 100 263
58 110 269
99 19 25
283 284 261
96 8 126
276 78 112
14 243 293
300 143 180
145 54 41
259 250 110
254 80 232
46 177 266
25 70 259
152 293 233
279 121 113
35 109 107
50 100 91
117 288 27
295 268 138
269 64 252
12 199 109
247 99 4
50 107 1
17 77 76
104 247 82
89 204 276
134 175 92
79 270 282
11 181 295
149 93 248
294 57 3
192 164 273
213 280 242
244 18 43
291 238 268
108 165 256
228 133 218
187 148 278
138 128 267
100 136 209
139 255 159
117 152 90
189 210 162
63 37 152
72 223 14
169 123 44
56 84 177
158 288 123
253 14 166
118 150 73
94 206 113
73 198 127
155 2 273
234 221 217
265 123 87
203 54 233
232 67 158
100 77 110
89 2 172
214 10 114
186 35 64
271 82 265
182 163 141
76 106 228
53 18 25
171 13 119
42 255 235
257 53 242
73 169 112
136 53 185
16 100 217
107 152 16
228 215 215
41 41 91
111 247 101
132 217 60
158 107 257
9 233 279
95 14 48
137 169 224
52 198 283
231 136 98
192 287 11
125 115 85
125 118 177
249 114 106
71 193 29
108 185 282
47 168 234
64 183 199
177 32 297
227 54 207
115 68 161
109 7 19
257 83 67
33 80 120
148 21 61
68 79 226
70 155 239
56 261 98
157 201 41
84 190 74
171 184 40
156 73 60
61 251 3
33 202 294
163 14 97
262 73 177
95 193 203
17 11 208
45 129 224
60 184 93
56 210 146
32 160 44
169 48 143
89 49 46
242 21 35
188 143 235
59 17 72
132 32 198
204 217 269
2 202 192
232 163 118
187 53 100
110 234 145
89 16 145
172 36 165
99 56 141
154 196 193
95 9 134
165 64 300
200 122 22
183 159 30
148 297 40
119 270 64
251 120 154
98 24 27
47 208 277
295 104 246
77 151 156
216 180 260
223 257 173
119 182 171
246 10 288
170 129 65
31 111 188
75 21 95
187 212 229
205 110 270
200 211 64
268 61 89
114 286 135
274 43 78
8 86 159
115 223 136
14 145 181
133 262 244
228 7 238
72 141 52
157 14 96
65 42 154
238 123 28
233 93 144
99 96 296
106 142 273
227 264 287
282 218 241
176 22 72
144 145 105
150 233 126
65 95 173
241 4 290
30 46 177
96 81 22
101 49 179
238 129 283
20 183 3
45 110 111
121 292 14
159 210 259
188 62 64
16 193 41
48 120 207
244 190 142
19 40 30
263 257 149
4 86 38
126 217 117
53 20 148
213 134 48
42 163 202
132 62 143
221 222 79
119 254 52
286 28 166
42 199 208
133 51 202
134 282 102
157 147 235
183 22 18
20 76 134
40 62 60
181 55 222
207 144 151
283 245 200
297 36 279
124 284 185
106 62 272
300 110 40
32 72 275
112 6 34
283 134 260
45 294 102
249 78 262
227 148 103
47 259 73
5 132 289
262 105 44
141 284 171
131 84 32
228 164 229
60 15 99
235 276 241
273 88 178
281 189 54
196 219 289
150 211 237
56 123 247
69 143 102
87 176 56
59 44 222
158 129 220
223 20 250
222 211 139
41 86 26
258 180 135
200 6 65
268 13 272
98 117 160
154 193 288
172 72 170
7 62 188
257 31 261
88 150 226
249 17 162
137 198 136
152 281 31
224 15 153
164 226 66
27 216 120
230 255 118
218 3 181
268 80 32
117 250 248
282 160 62
189 162 88
275 117 61
132 133 62
183 112 267
11 38 25
74 112 275
280 153 198
38 144 96
28 104 203
132 118 245
23 243 14
106 24 27
123 186 274
292 244 223
58 153 287
242 21 13
273 226 195
110 5 159
73 241 67
67 16 215
166 32 107
15 69 140
210 240 18
93 133 271
42 137 213
71 267 17
208 84 248
241 113 200
272 173 127
50 136 18
202 212 164
82 253 184
151 60 196
97 295 290
82 116 177
246 211 203
113 92 300
233 216 91
169 270 219
205 88 42
36 1 251
256 130 201
127 279 224
291 93 240
41 168 201
128 25 54
157 12 113
170 286 20
224 131 237
214 134 248
228 237 39
219 70 110
139 116 139
189 250 38
244 185 119
149 228 48
11 189 271
193 213 89
170 78 19
216 76 177
280 9 130
296 68 217
12 177 212
294 142 16
73 277 156
261 219 31
15 171 231
154 50 159
160 39 50
69 115 229
66 36 195
42 73 44
154 237 226
151 131 85
247 85 100
186 80 226
287 19 106
97 188 240
47 170 29
184 152 246
17 181 203
192 92 246
206 112 20
264 34 29
63 34 134
93 268 190
112 137 166
19 283 129
95 238 81
102 214 225
298 152 75
294 138 23
82 32 184
163 35 135
67 94 211
114 14 241
145 136 59
179 120 291
199 133 54
214 148 85
282 148 115
125 10 163
18 56 218
64 233 96
70 89 284
139 107 84
77 187 237
205 213 232
62 101 179
157 104 47
270 195 89
97 19 8
267 146 173
291 65 89
13 90 295
128 71 284
86 112 242
96 223 218
290 244 99
85 123 124
254 115 16
28 47 158
141 75 157
46 7 132
67 16 283
271 69 80
166 58 259
300 168 263
195 132 209
163 47 240
284 131 157
243 39 119
72 47 193
291 180 230
58 292 73
176 276 176
182 228 168
255 111 145
132 61 178
92 155 148
286 28 212
100 27 292
281 103 11
247 21 286
142 208 164
37 290 66
167 75 246
209 20 3
209 90 54
149 141 269
61 262 50
204 199 178
203 161 98
130 137 247
11 143 214
185 298 229
226 67 237
54 17 143
192 238 156
38 48 21
193 60 149
83 111 118
244 57 267
105 174 134
272 123 78
213 70 276
288 14 140
41 16 189
135 105 100
274 32 273
36 14 176
231 117 150
107 225 276
214 200 84
56 49 189
183 290 146
187 59 203
9 162 110
21 241 25
274 151 113
183 5 286
13 291 165
203 72 200
28 75 193
114 4 147
235 173 180
8 171 262
238 120 122
186 281 61
100 182 79
297 37 67
20 216 257
153 13 92
187 33 27
250 203 185
87 146 160
191 152 291
101 213 49
44 221 186
188 294 148
289 299 60
82 13 205
185 97 267
102 194 9
111 84 193
210 90 297
58 101 135
36 23 244
289 275 186
74 273 203
84 251 278
250 114 97
21 278 34
261 135 53
249 245 90
268 254 231
134 100 223
39 246 163
282 293 34
235 192 227
80 298 235
238 25 247
136 42 189
2 262 171
148 208 198
12 18 98
278 219 234
169 166 45
46 253 300
13 208 133
256 134 23
113 281 31
223 268 199
67 262 107
200 120 227
48 286 86
210 226 14
41 196 112
274 45 70
294 80 62
1 161 69
185 239 126
30 180 284
176 17 203
23 164 138
46 39 275
174 222 67
204 179 159
279 28 77
188 222 30
102 134 262
114 154 187
209 246 39
55 238 14
57 30 86
4 290 116
193 92 180
291 271 243
265 185 11
160 6 88
238 82 51
47 127 106
142 201 4
46 115 43
41 231 10
193 65 129
185 281 111
112 40 217
83 172 156
270 193 279
67 19 44
10 109 15
157 206 63
201 209 21
120 263 261
2 92 166
104 28 290
31 129 245
156 187 1
201 165 169
34 269 289
173 30 115
197 254 4
216 50 48
240 273 111
151 182 298
99 62 295
181 69 50
269 159 273
285 94 141
27 207 227
164 113 15
133 109 231
14 39 157
125 177 4
201 162 268
96 212 230
156 193 56
112 286 71
247 134 41
7 21 27
283 19 154
68 87 151
192 295 174
54 218 156
27 178 71
129 209 282
38 246 63
194 18 284
173 173 61
141 91 293
50 168 278
207 44 273
145 81 230
124 244 122
70 234 218
116 68 296
64 292 230
156 220 150
151 109 189
75 104 284
216 192 76
268 282 222
180 194 13
222 70 82
190 16 104
189 179 51
247 178 55
267 74 133
288 61 205
289 33 159
242 245 280
100 82 58